0000000000000000000000000000000000000000000000000000000000000000000000000000000000000000000000050000000000000000000000000000000000000
0000000000000000000000000000000000000000000000000000000000000000000000000000000000000000011111111000000000000000000000000000000000000
00000000000000000000000000000000000000000000000000000000000000000000000000000000000000000000000000000000000000000000000000000000000000
0000000000000000000000000000000000000000000600000000000000000000000000000000000000000000000000000000000000000000000000000000000000000
000000000000000000000000000000001111111111111111110000000000000000000000000000000000000000000000000000000000000000000000000000000000000
0000000000000000000000000000000000000000000000000000000000000000006300000000000000000000000000000000000000000000000000000000000000000
0000000000000000000000000000000000000000000000000000000000111111111111111110000000000000000000000000000000000000000000000000000000000000
0000000000000000000000030000000000000000000000000000000000000000000000000000000000000000000000000000000000000000000000000000000000000
0000000000000001110001111100000000000000000000000000000000000000000000000000000000000000000000000000000000000000000000000000000000000
0000000000000001110001111110000000000000000000000000000000000000000000000000000000000000000000000000000000000000000000000000000000000
000000000000000111000111111000000000000000000000000000000000000000000000000000000000000000000000000000000000000000000000000000000000000000
00000000000000000000000000000000000000001111111110000000000000000000000000000000000000000000000000000000000000000000000000000000000000
0000000000000000000000000000000011111000000000000000000000000000000000000000000000000000000000000000000000000000000000000000000000000
0000000000000000000000000000000000000000000000000000000000000000000000000000000000000000000000000000000000000000000000000000000000000
0000000000000000000030000000000000000000000000000000000000320000000000000000000000000000000000000000000000000000000000000000000000000
00000000000000000001111111111110000000000000000000000000001111100000030600000000000000000000000000000000000000000000000000000000000000
0000000000000000000000000000000000000000000000000000000000000000001111100000000000000000000000000000000000000000000000000000000000000
0000000000000000000000000000000000000000000000000000000000000000000000000000000000000000000000000000000000000000000000000000000000000
0000000000000000000000000000000000000000000000000000000000000000000000000000000000000000000000000000000000000000000000000000000000000
0000000000000000000000000000000000000000000000000000000000000000000000000000003000000000000000000000000000000000000000000000000000000
0000000000000000000000000000000000000000000000000000000000000000000000000000001000000000000000000000000000000000000000000000000000000
0000000000000000000000000000000000000000000020000000000002000000000000011110000000000000000000000000000000000000000000000000000000000
0000000000000000000000000000000000000000000011111111111111111111111111111100000000000000000000000000000000000000000000000000000000000000
0000000000000000000000000200000000000000000000000000000000000000000000000000000000000000000000000000000000000000000000000000000000000
00000000000000200000000001111111111111110000000000000000000000000000000000000000000000000000000000000000000000000000000000000000000000
111111111111111111111100000000000000000000000000000000000000000000000000000000000000000000000000000000000000000000000000000000000000000
